UserID: 8640134736 | Time: 2026-05-04 10:38:06.039023 | Command: /attack | Target: 34.0.7.136 | Port: 20380 | Time: 30
Username: UserID: 8640134736
Target: 34.0.7.136
Port: 20380
Time: 30

UserID: 8640134736 | Time: 2026-05-04 10:39:15.543225 | Command: /attack | Target: 52.230.15.159 | Port: 17500 | Time: 30
Username: UserID: 8640134736
Target: 52.230.15.159
Port: 17500
Time: 30

UserID: 8640134736 | Time: 2026-05-04 10:42:56.293483 | Command: /attack | Target: 34.0.7.136 | Port: 20830 | Time: 300
Username: UserID: 8640134736
Target: 34.0.7.136
Port: 20830
Time: 300

UserID: 8640134736 | Time: 2026-05-04 10:43:23.677918 | Command: /attack | Target: 52.230.15.159 | Port: 17500 | Time: 30
Username: UserID: 8640134736
Target: 52.230.15.159
Port: 17500
Time: 30

